Experiment 1:
--------------------BST first() with sorted order input--------------------
N	T(N)	|	T(N)/1		T(N)/logN		T(N)/N		T(N)/NlogN		T(N)/N^2
10000	3772E1	|	2838E0		3772E-3		2838E-4		3771E-7		-5185E-8
20000	3437E1	|	2406E0		1719E-3		1203E-4		8593E-8		-2255E-8
30000	3175E1	|	2135E0		1058E-3		7117E-5		3528E-8		1730E-8
40000	2982E1	|	1951E0		7456E-4		4877E-5		1864E-8		4308E-8
50000	2854E1	|	1828E0		5708E-4		3657E-5		-1590E-8		-3919E-8
60000	2946E1	|	1856E0		4910E-4		3093E-5		-4239E-8		1637E-8
70000	2802E1	|	1741E0		4003E-4		2487E-5		4631E-8		-7311E-8
80000	2996E1	|	1840E0		3745E-4		2299E-5		1423E-8		2409E-8
90000	2918E1	|	1773E0		3243E-4		1970E-5		-5957E-8		-1475E-8
100000	2945E1	|	1773E0		2945E-4		1773E-5		2088E-8		-1924E-8
110000	2834E1	|	1692E0		2576E-4		1538E-5		-3611E-8		-1596E-8
120000	2862E1	|	1696E0		2385E-4		1413E-5		1889E-8		1892E-8
130000	2890E1	|	1701E0		2223E-4		1309E-5		-1033E-7		-8867E-8
140000	2838E1	|	1660E0		2027E-4		1186E-5		-1514E-8		2309E-8
150000	3076E1	|	1789E0		2051E-4		1193E-5		3001E-8		1696E-8
160000	2874E1	|	1662E0		1796E-4		1039E-5		-1692E-7		2115E-8
170000	2904E1	|	1671E0		1708E-4		9832E-6		-2493E-8		-1417E-7
180000	2979E1	|	1707E0		1655E-4		9481E-6		-1520E-8		2211E-8
190000	2897E1	|	1652E0		1525E-4		8695E-6		1665E-8		1753E-8
200000	2862E1	|	1625E0		1431E-4		8126E-6		2127E-8		4465E-8
--------------------BST first() with permuted order input--------------------
N	T(N)	|	T(N)/1		T(N)/logN		T(N)/N		T(N)/NlogN		T(N)/N^2
10000	1113E0	|	8376E-2		1113E-4		8376E-6		1113E-8		-1530E-9
20000	7810E-1	|	5466E-2		3905E-5		2733E-6		1952E-9		-5124E-10
30000	8360E-1	|	5621E-2		2787E-5		1874E-6		9289E-10		4554E-10
40000	3150E-1	|	2060E-2		7875E-6		5151E-7		1969E-10		4550E-10
50000	8720E-1	|	5586E-2		1744E-5		1117E-6		-4858E-10		-1198E-9
60000	4810E-1	|	3030E-2		8017E-6		5051E-7		-6921E-10		2673E-10
70000	6710E-1	|	4169E-2		9586E-6		5956E-7		1109E-9		-1751E-9
80000	5090E-1	|	3125E-2		6363E-6		3906E-7		2418E-10		4093E-10
90000	5050E-1	|	3068E-2		5611E-6		3409E-7		-1031E-9		-2552E-10
100000	6270E-1	|	3775E-2		6270E-6		3775E-7		4447E-10		-4097E-10
110000	6590E-1	|	3935E-2		5991E-6		3577E-7		-8396E-10		-3712E-10
120000	7300E-1	|	4327E-2		6083E-6		3605E-7		4818E-10		4825E-10
130000	6470E-1	|	3809E-2		4977E-6		2930E-7		-2312E-9		-1985E-9
140000	6270E-1	|	3668E-2		4479E-6		2620E-7		-3344E-10		5101E-10
150000	7340E-1	|	4269E-2		4893E-6		2846E-7		7160E-10		4047E-10
160000	6550E-1	|	3789E-2		4094E-6		2368E-7		-3857E-9		4820E-10
170000	6790E-1	|	3908E-2		3994E-6		2299E-7		-5829E-10		-3312E-9
180000	8210E-1	|	4703E-2		4561E-6		2613E-7		-4189E-10		6092E-10
190000	8090E-1	|	4613E-2		4258E-6		2428E-7		4649E-10		4895E-10
200000	7610E-1	|	4321E-2		3805E-6		2161E-7		5657E-10		1187E-9

Experiment 2:
--------------------BST last() with sorted order input--------------------
N	T(N)	|	T(N)/1		T(N)/logN		T(N)/N		T(N)/NlogN		T(N)/N^2
10000	2800E-1	|	2107E-2		2800E-5		2107E-6		2800E-9		-3849E-10
20000	3510E-1	|	2457E-2		1755E-5		1228E-6		8775E-10		-2303E-10
30000	3780E-1	|	2542E-2		1260E-5		8472E-7		4200E-10		2059E-10
40000	8600E-2	|	5625E-3		2150E-6		1406E-7		5375E-11		1242E-10
50000	7000E-3	|	4484E-4		1400E-7		8969E-9		-3900E-12		-9613E-12
60000	7000E-3	|	4410E-4		1167E-7		7350E-9		-1007E-11		3890E-12
70000	1500E-2	|	9320E-4		2143E-7		1331E-8		2479E-11		-3914E-11
80000	1500E-2	|	9209E-4		1875E-7		1151E-8		7126E-12		1206E-11
90000	1500E-2	|	9114E-4		1667E-7		1013E-8		-3062E-11		-7580E-12
100000	1100E-2	|	6623E-4		1100E-7		6623E-9		7801E-12		-7187E-12
110000	8200E-2	|	4896E-3		7455E-7		4451E-8		-1045E-10		-4619E-11
120000	1500E-2	|	8890E-4		1250E-7		7408E-9		9900E-12		9915E-12
130000	1500E-2	|	8830E-4		1154E-7		6792E-9		-5360E-11		-4602E-11
140000	1500E-2	|	8774E-4		1071E-7		6267E-9		-8001E-12		1220E-11
150000	1500E-2	|	8724E-4		1000E-7		5816E-9		1463E-11		8269E-12
160000	1100E-2	|	6363E-4		6875E-8		3977E-9		-6478E-11		8094E-12
170000	1100E-2	|	6331E-4		6471E-8		3724E-9		-9444E-12		-5366E-11
180000	1500E-2	|	8592E-4		8333E-8		4773E-9		-7654E-12		1113E-11
190000	1500E-2	|	8554E-4		7895E-8		4502E-9		8619E-12		9076E-12
200000	1500E-2	|	8518E-4		7500E-8		4259E-9		1115E-11		2340E-11
--------------------BST last() with permuted order input--------------------
N	T(N)	|	T(N)/1		T(N)/logN		T(N)/N		T(N)/NlogN		T(N)/N^2
10000	9630E-1	|	7247E-2		9630E-5		7247E-6		9630E-9		-1324E-9
20000	7930E-1	|	5550E-2		3965E-5		2775E-6		1983E-9		-5203E-10
30000	1168E0	|	7853E-2		3893E-5		2618E-6		1298E-9		6363E-10
40000	5240E-1	|	3428E-2		1310E-5		8569E-7		3275E-10		7569E-10
50000	5720E-1	|	3664E-2		1144E-5		7329E-7		-3187E-10		-7855E-10
60000	6510E-1	|	4101E-2		1085E-5		6836E-7		-9367E-10		3617E-10
70000	6390E-1	|	3970E-2		9129E-6		5672E-7		1056E-9		-1667E-9
80000	1267E0	|	7779E-2		1584E-5		9724E-7		6019E-10		1019E-9
90000	8800E-1	|	5347E-2		9778E-6		5941E-7		-1796E-9		-4447E-10
100000	8560E-1	|	5154E-2		8560E-6		5154E-7		6071E-10		-5593E-10
110000	1073E0	|	6407E-2		9755E-6		5825E-7		-1367E-9		-6045E-10
120000	8520E-1	|	5050E-2		7100E-6		4208E-7		5623E-10		5632E-10
130000	9430E-1	|	5551E-2		7254E-6		4270E-7		-3369E-9		-2893E-9
140000	8880E-1	|	5194E-2		6343E-6		3710E-7		-4736E-10		7224E-10
150000	9350E-1	|	5438E-2		6233E-6		3625E-7		9120E-10		5155E-10
160000	9590E-1	|	5547E-2		5994E-6		3467E-7		-5648E-9		7057E-10
170000	9940E-1	|	5721E-2		5847E-6		3365E-7		-8534E-10		-4849E-9
180000	9860E-1	|	5648E-2		5478E-6		3138E-7		-5031E-10		7316E-10
190000	1073E0	|	6119E-2		5647E-6		3221E-7		6166E-10		6492E-10
200000	1085E0	|	6161E-2		5425E-6		3081E-7		8065E-10		1693E-9

Experiment 3:
--------------------BST add(mid) with sorted order input--------------------
N	T(N)	|	T(N)/1		T(N)/logN		T(N)/N		T(N)/NlogN		T(N)/N^2
10000	4772E1	|	3591E0		4772E-3		3591E-4		4772E-7		-6561E-8
20000	4154E1	|	2907E0		2077E-3		1454E-4		1038E-7		-2725E-8
30000	4218E1	|	2836E0		1406E-3		9454E-5		4687E-8		2298E-8
40000	4044E1	|	2645E0		1011E-3		6613E-5		2528E-8		5841E-8
50000	4123E1	|	2641E0		8246E-4		5283E-5		-2297E-8		-5662E-8
60000	4567E1	|	2877E0		7611E-4		4795E-5		-6571E-8		2537E-8
70000	4229E1	|	2627E0		6041E-4		3753E-5		6989E-8		-1103E-7
80000	4236E1	|	2601E0		5295E-4		3251E-5		2012E-8		3406E-8
90000	4144E1	|	2518E0		4604E-4		2798E-5		-8458E-8		-2094E-8
100000	4286E1	|	2581E0		4286E-4		2581E-5		3040E-8		-2801E-8
110000	4118E1	|	2459E0		3743E-4		2235E-5		-5246E-8		-2320E-8
120000	4263E1	|	2527E0		3552E-4		2105E-5		2814E-8		2818E-8
130000	4218E1	|	2483E0		3244E-4		1910E-5		-1507E-7		-1294E-7
140000	4244E1	|	2482E0		3031E-4		1773E-5		-2263E-8		3452E-8
150000	4021E1	|	2338E0		2680E-4		1559E-5		3922E-8		2216E-8
160000	4002E1	|	2315E0		2501E-4		1447E-5		-2357E-7		2945E-8
170000	4217E1	|	2427E0		2480E-4		1428E-5		-3620E-8		-2057E-7
180000	4259E1	|	2439E0		2366E-4		1355E-5		-2173E-8		3160E-8
190000	4283E1	|	2443E0		2254E-4		1286E-5		2461E-8		2591E-8
200000	4031E1	|	2289E0		2015E-4		1144E-5		2996E-8		6289E-8
--------------------BST add(mid) with permuted order input--------------------
N	T(N)	|	T(N)/1		T(N)/logN		T(N)/N		T(N)/NlogN		T(N)/N^2
10000	1780E0	|	1340E-1		1780E-4		1340E-5		1780E-8		-2447E-9
20000	6030E-1	|	4220E-2		3015E-5		2110E-6		1507E-9		-3957E-10
30000	4460E-1	|	2999E-2		1487E-5		9996E-7		4956E-10		2430E-10
40000	5360E-1	|	3506E-2		1340E-5		8765E-7		3350E-10		7742E-10
50000	5480E-1	|	3511E-2		1096E-5		7021E-7		-3053E-10		-7526E-10
60000	7260E-1	|	4574E-2		1210E-5		7623E-7		-1045E-9		4034E-10
70000	6900E-1	|	4287E-2		9857E-6		6124E-7		1140E-9		-1801E-9
80000	6550E-1	|	4021E-2		8188E-6		5027E-7		3112E-10		5267E-10
90000	6030E-1	|	3664E-2		6700E-6		4071E-7		-1231E-9		-3047E-10
100000	6070E-1	|	3655E-2		6070E-6		3655E-7		4305E-10		-3966E-10
110000	6750E-1	|	4031E-2		6136E-6		3664E-7		-8600E-10		-3803E-10
120000	6230E-1	|	3692E-2		5192E-6		3077E-7		4112E-10		4118E-10
130000	5760E-1	|	3391E-2		4431E-6		2608E-7		-2058E-9		-1767E-9
140000	6860E-1	|	4013E-2		4900E-6		2866E-7		-3659E-10		5581E-10
150000	6390E-1	|	3716E-2		4260E-6		2478E-7		6233E-10		3523E-10
160000	7260E-1	|	4200E-2		4537E-6		2625E-7		-4276E-9		5342E-10
170000	6110E-1	|	3517E-2		3594E-6		2069E-7		-5246E-10		-2981E-9
180000	6670E-1	|	3821E-2		3706E-6		2123E-7		-3404E-10		4949E-10
190000	7570E-1	|	4317E-2		3984E-6		2272E-7		4350E-10		4580E-10
200000	8680E-1	|	4929E-2		4340E-6		2465E-7		6452E-10		1354E-9

Experiment 4:
--------------------TreeSet first() with permuted order input--------------------
N	T(N)	|	T(N)/1		T(N)/logN		T(N)/N		T(N)/NlogN		T(N)/N^2
10000	1646E0	|	1239E-1		1646E-4		1239E-5		1646E-8		-2263E-9
20000	9860E-1	|	6901E-2		4930E-5		3451E-6		2465E-9		-6470E-10
30000	1326E0	|	8916E-2		4420E-5		2972E-6		1473E-9		7224E-10
40000	4530E-1	|	2963E-2		1132E-5		7408E-7		2831E-10		6543E-10
50000	5640E-1	|	3613E-2		1128E-5		7226E-7		-3142E-10		-7745E-10
60000	5320E-1	|	3352E-2		8867E-6		5586E-7		-7655E-10		2956E-10
70000	5520E-1	|	3430E-2		7886E-6		4899E-7		9123E-10		-1440E-9
80000	5920E-1	|	3635E-2		7400E-6		4543E-7		2812E-10		4760E-10
90000	5680E-1	|	3451E-2		6311E-6		3835E-7		-1159E-9		-2870E-10
100000	6510E-1	|	3919E-2		6510E-6		3919E-7		4617E-10		-4254E-10
110000	7300E-1	|	4359E-2		6636E-6		3963E-7		-9301E-10		-4112E-10
120000	6470E-1	|	3835E-2		5392E-6		3196E-7		4270E-10		4277E-10
130000	8600E-1	|	5062E-2		6615E-6		3894E-7		-3073E-9		-2638E-9
140000	7730E-1	|	4522E-2		5521E-6		3230E-7		-4123E-10		6289E-10
150000	6900E-1	|	4013E-2		4600E-6		2675E-7		6731E-10		3804E-10
160000	6980E-1	|	4038E-2		4363E-6		2523E-7		-4111E-9		5136E-10
170000	7020E-1	|	4040E-2		4129E-6		2377E-7		-6027E-10		-3425E-9
180000	8440E-1	|	4835E-2		4689E-6		2686E-7		-4307E-10		6262E-10
190000	7490E-1	|	4271E-2		3942E-6		2248E-7		4304E-10		4532E-10
200000	8560E-1	|	4861E-2		4280E-6		2430E-7		6363E-10		1336E-9

Experiment 5:
--------------------TreeSet last() with permuted order input--------------------
N	T(N)	|	T(N)/1		T(N)/logN		T(N)/N		T(N)/NlogN		T(N)/N^2
10000	1046E0	|	7872E-2		1046E-4		7872E-6		1046E-8		-1438E-9
20000	1152E0	|	8063E-2		5760E-5		4031E-6		2880E-9		-7559E-10
30000	1219E0	|	8196E-2		4063E-5		2732E-6		1354E-9		6641E-10
40000	3190E-1	|	2087E-2		7975E-6		5217E-7		1994E-10		4608E-10
50000	4650E-1	|	2979E-2		9300E-6		5958E-7		-2591E-10		-6386E-10
60000	4610E-1	|	2904E-2		7683E-6		4841E-7		-6633E-10		2562E-10
70000	6270E-1	|	3896E-2		8957E-6		5565E-7		1036E-9		-1636E-9
80000	8360E-1	|	5133E-2		1045E-5		6416E-7		3971E-10		6722E-10
90000	5640E-1	|	3427E-2		6267E-6		3808E-7		-1151E-9		-2850E-10
100000	6470E-1	|	3895E-2		6470E-6		3895E-7		4588E-10		-4227E-10
110000	7300E-1	|	4359E-2		6636E-6		3963E-7		-9301E-10		-4112E-10
120000	8800E-1	|	5216E-2		7333E-6		4346E-7		5808E-10		5817E-10
130000	8880E-1	|	5227E-2		6831E-6		4021E-7		-3173E-9		-2724E-9
140000	7730E-1	|	4522E-2		5521E-6		3230E-7		-4123E-10		6289E-10
150000	7530E-1	|	4379E-2		5020E-6		2920E-7		7345E-10		4151E-10
160000	7610E-1	|	4402E-2		4756E-6		2751E-7		-4482E-9		5600E-10
170000	7730E-1	|	4449E-2		4547E-6		2617E-7		-6636E-10		-3771E-9
180000	8880E-1	|	5087E-2		4933E-6		2826E-7		-4531E-10		6589E-10
190000	7690E-1	|	4385E-2		4047E-6		2308E-7		4419E-10		4653E-10
200000	8170E-1	|	4640E-2		4085E-6		2320E-7		6073E-10		1275E-9

Experiment 6:
--------------------TreeSet add(mid) with permuted order input--------------------
N	T(N)	|	T(N)/1		T(N)/logN		T(N)/N		T(N)/NlogN		T(N)/N^2
10000	1109E0	|	8346E-2		1109E-4		8346E-6		1109E-8		-1525E-9
20000	5280E-1	|	3695E-2		2640E-5		1848E-6		1320E-9		-3464E-10
30000	5840E-1	|	3927E-2		1947E-5		1309E-6		6489E-10		3182E-10
40000	3270E-1	|	2139E-2		8175E-6		5347E-7		2044E-10		4723E-10
50000	3110E-1	|	1992E-2		6220E-6		3985E-7		-1733E-10		-4271E-10
60000	3860E-1	|	2432E-2		6433E-6		4053E-7		-5554E-10		2145E-10
70000	4340E-1	|	2696E-2		6200E-6		3852E-7		7173E-10		-1132E-9
80000	4530E-1	|	2781E-2		5662E-6		3477E-7		2152E-10		3643E-10
90000	5210E-1	|	3166E-2		5789E-6		3517E-7		-1063E-9		-2633E-10
100000	5880E-1	|	3540E-2		5880E-6		3540E-7		4170E-10		-3842E-10
110000	9820E-1	|	5864E-2		8927E-6		5331E-7		-1251E-9		-5532E-10
120000	5960E-1	|	3532E-2		4967E-6		2944E-7		3934E-10		3940E-10
130000	6430E-1	|	3785E-2		4946E-6		2912E-7		-2298E-9		-1973E-9
140000	5800E-1	|	3393E-2		4143E-6		2423E-7		-3094E-10		4719E-10
150000	5840E-1	|	3396E-2		3893E-6		2264E-7		5697E-10		3220E-10
160000	7810E-1	|	4518E-2		4881E-6		2824E-7		-4599E-9		5747E-10
170000	6230E-1	|	3586E-2		3665E-6		2109E-7		-5349E-10		-3039E-9
180000	6900E-1	|	3952E-2		3833E-6		2196E-7		-3521E-10		5120E-10
190000	7650E-1	|	4363E-2		4026E-6		2296E-7		4396E-10		4629E-10
200000	7420E-1	|	4214E-2		3710E-6		2107E-7		5516E-10		1158E-9
